{"created_timestamp": "2020-06-03 12:46:10.121403", "camera_resolution": [2704, 1520], "cameras": [{"k": [[1239.7358086054844, 0.0, 1345.666718007533], [0.0, 1238.6783404508597, 772.856682424705], [0.0, 0.0, 1.0]], "d": [[0.03743673446080293], [0.04786133258059118], [-0.037635557374148025], [0.010823370105842242]], "r": [[1.0, 0.0, 0.0], [0.0, 0.0, -1.0], [0.0, 1.0, 0.0]], "t": [[0.0], [0.0], [0.0]]}, {"k": [[1239.7358086054844, 0.0, 1345.666718007533], [0.0, 1238.6783404508597, 772.856682424705], [0.0, 0.0, 1.0]], "d": [[0.03743673446080293], [0.04786133258059118], [-0.037635557374148025], [0.010823370105842242]], "r": [[0.8134236335789596, 0.5810342822052799, 0.02722416642245968], [0.030818382353492192, 0.003687646807077177, -0.9995181982185919], [-0.5808547319634372, 0.8138707293933243, -0.014906917604320629]], "t": [[-4.8697081835552005], [0.11906734231405591], [0.24365895149664224]]}, {"k": [[1239.7358086054844, 0.0, 1345.666718007533], [0.0, 1238.6783404508597, 772.856682424705], [0.0, 0.0, 1.0]], "d": [[0.03743673446080293], [0.04786133258059118], [-0.037635557374148025], [0.010823370105842242]], "r": [[0.5825248512157751, 0.812016363067199, 0.0359753224746923], [0.07768711604884168, -0.011564411316517371, -0.9969107163587502], [-0.8090917807740065, 0.5835200857742786, -0.06981976641271216]], "t": [[-9.011251291403031], [-0.09642664623956865], [4.14896805781261]]}, {"k": [[1239.7358086054844, 0.0, 1345.666718007533], [0.0, 1238.6783404508597, 772.856682424705], [0.0, 0.0, 1.0]], "d": [[0.03743673446080293], [0.04786133258059118], [-0.037635557374148025], [0.010823370105842242]], "r": [[-0.9940835013253466, -0.10101935712268782, 0.03991342981076252], [-0.04357146087109679, 0.034266783489286294, -0.9984624756829159], [0.09949633254697524, -0.9942941602140775, -0.03846560507628182]], "t": [[5.172710717173889], [0.24340066353628043], [12.54274700195376]]}, {"k": [[1239.7358086054844, 0.0, 1345.666718007533], [0.0, 1238.6783404508597, 772.856682424705], [0.0, 0.0, 1.0]], "d": [[0.03743673446080293], [0.04786133258059118], [-0.037635557374148025], [0.010823370105842242]], "r": [[-0.8368180717044027, -0.5428533402265335, -0.0710335545627633], [0.057960238147846684, 0.04117433486220529, -0.9974694406058264], [0.5444043769687845, -0.8388175756107824, -0.002991518624218054]], "t": [[5.243103180090415], [-0.03824256735529585], [9.141518797555673]]}, {"k": [[1239.7358086054844, 0.0, 1345.666718007533], [0.0, 1238.6783404508597, 772.856682424705], [0.0, 0.0, 1.0]], "d": [[0.03743673446080293], [0.04786133258059118], [-0.037635557374148025], [0.010823370105842242]], "r": [[-0.32918461020651274, -0.9430461124610047, -0.047974182383577604], [0.07655387816520133, 0.02398525216144807, -0.9967769115587598], [0.9411572642980842, -0.33179622880758924, 0.06429826131403532]], "t": [[5.386061729563979], [0.2915494051031048], [6.713697892599687]]}]}