{"created_timestamp": "2020-06-03 13:44:04.939458", "camera_resolution": [2704, 1520], "cameras": [{"k": [[1239.7358086054844, 0.0, 1345.666718007533], [0.0, 1238.6783404508597, 772.856682424705], [0.0, 0.0, 1.0]], "d": [[0.03743673446080293], [0.04786133258059118], [-0.037635557374148025], [0.010823370105842242]], "r": [[0.9999999977590904, -6.633212623721453e-05, -9.04811411470342e-06], [-9.055595619053042e-06, -0.00011278911749872369, -0.9999999935983056], [6.63311052837705e-05, 0.9999999914393319, -0.00011278971792288521]], "t": [[0.0], [-7.15884084904698e-07], [5.063799661517268e-07]]}, {"k": [[1239.7358086054844, 0.0, 1345.666718007533], [0.0, 1238.6783404508597, 772.856682424705], [0.0, 0.0, 1.0]], "d": [[0.03743673446080293], [0.04786133258059118], [-0.037635557374148025], [0.010823370105842242]], "r": [[0.8134236335789596, 0.5810342822052799, 0.027224166422459672], [0.030818382353492102, 0.0036876468070771856, -0.9995181982185919], [-0.5808547319634372, 0.8138707293933243, -0.014906917604320585]], "t": [[-4.869667003867401], [0.11906734231405591], [0.24369802210320424]]}, {"k": [[1239.7358086054844, 0.0, 1345.666718007533], [0.0, 1238.6783404508597, 772.856682424705], [0.0, 0.0, 1.0]], "d": [[0.03743673446080293], [0.04786133258059118], [-0.037635557374148025], [0.010823370105842242]], "r": [[0.5825288477287958, 0.8120149845722293, 0.035941708277761886], [0.0776522111211933, -0.011580929232068632, -0.9969132440619451], [-0.809092254116767, 0.5835216764682217, -0.06980098437676102]], "t": [[-9.011251291403031], [-0.09619801831563483], [4.148792865189302]]}, {"k": [[1239.7358086054844, 0.0, 1345.666718007533], [0.0, 1238.6783404508597, 772.856682424705], [0.0, 0.0, 1.0]], "d": [[0.03743673446080293], [0.04786133258059118], [-0.037635557374148025], [0.010823370105842242]], "r": [[-0.9940841596128956, -0.10100861248520683, 0.03992422586019827], [-0.0435808725482426, 0.03425664499985093, -0.998462412823481], [0.09948563290574493, -0.994295601155495, -0.03845603162282718]], "t": [[5.172710717173889], [0.2433595424366591], [12.541972427365664]]}, {"k": [[1239.7358086054844, 0.0, 1345.666718007533], [0.0, 1238.6783404508597, 772.856682424705], [0.0, 0.0, 1.0]], "d": [[0.03743673446080293], [0.04786133258059118], [-0.037635557374148025], [0.010823370105842242]], "r": [[-0.8368942579320143, -0.542748420166152, -0.07093767297825179], [0.057794191645545306, 0.04125480722097119, -0.997475750228144], [0.5443049076137944, -0.838881513259356, -0.0031582050649231475]], "t": [[5.243103180090415], [-0.03751735415083345], [9.141518797555673]]}, {"k": [[1239.7358086054844, 0.0, 1345.666718007533], [0.0, 1238.6783404508597, 772.856682424705], [0.0, 0.0, 1.0]], "d": [[0.03743673446080293], [0.04786133258059118], [-0.037635557374148025], [0.010823370105842242]], "r": [[-0.329457530654859, -0.9429471067041921, -0.04804674237651818], [0.07623526779877793, 0.024154670932698963, -0.9967972390691002], [0.9410876258024281, -0.3320652132192196, 0.06392788696040896]], "t": [[5.385472441842203], [0.2920828198544736], [6.713037096477309]]}]}